3,14,19,21,23,31,39,51,52,78,83,136,139,146,150,155,176,188,201,204,221,222,240,246,247,259,265,272,274,284,292,296,314,316,318,322,326,360,368,385,388,399,400,412,420,432,444,481,486,493,
19,28,29,33,34,36,40,43,67,69,73,89,103,147,160,167,169,172,176,186,192,193,208,213,214,217,220,274,278,281,293,318,344,353,385,410,420,425,446,482,
3,4,15,21,28,48,49,51,61,63,66,69,81,85,86,95,104,107,125,132,155,205,221,238,284,293,297,302,316,367,371,374,377,395,432,439,472,477,490,
0,8,11,17,26,27,51,52,60,63,69,76,87,97,127,147,163,168,185,191,216,222,260,274,277,281,288,289,298,299,306,335,336,339,360,368,372,389,403,404,412,422,425,455,456,466,482,
3,8,11,14,40,61,78,87,119,123,127,132,167,199,210,213,217,219,222,232,233,238,282,322,339,347,353,371,374,377,390,402,403,409,412,418,419,421,437,451,467,471,482,486,490,493,494,
9,18,23,24,48,71,107,127,140,148,149,155,192,209,238,248,278,283,286,287,293,306,316,318,325,399,414,419,429,437,457,
6,9,17,18,29,36,38,66,68,74,87,89,107,118,123,127,132,138,154,182,192,201,209,238,253,259,277,279,283,298,300,311,360,361,404,419,425,437,464,472,487,
5,21,28,49,50,63,107,118,119,127,129,137,145,147,209,214,219,274,306,318,399,414,416,439,442,472,490,
8,33,48,61,73,87,89,95,100,106,118,119,124,127,137,139,154,155,170,178,210,222,238,246,292,293,300,325,329,360,371,385,404,412,414,419,444,455,460,471,473,480,488,490,
38,63,89,100,103,123,138,148,166,204,217,248,274,278,295,318,322,326,364,365,371,374,392,414,420,425,432,444,447,464,467,486,493,
8,17,87,100,117,119,146,147,152,154,159,160,175,199,219,221,231,234,243,247,277,319,325,331,338,353,360,368,395,402,416,418,423,432,438,444,456,486,
10,26,33,34,36,38,40,43,61,63,80,87,103,112,133,140,143,147,167,168,172,188,191,214,220,222,236,242,247,259,261,291,316,318,321,325,331,336,371,372,387,388,405,412,416,420,429,442,446,464,471,472,477,480,
9,36,62,63,69,78,100,108,138,140,148,150,163,171,192,201,209,229,234,247,277,286,306,316,319,339,340,353,356,384,395,398,425,437,467,472,493,
4,9,10,11,12,31,38,39,55,61,73,81,101,117,120,132,142,159,182,206,227,231,233,238,241,274,281,285,316,318,360,368,372,374,395,402,403,404,409,432,455,471,472,477,482,486,487,
3,14,16,28,29,48,59,60,62,63,67,80,100,103,111,117,124,130,154,155,166,178,191,198,221,231,233,234,325,335,336,337,346,371,374,377,385,397,400,402,412,416,425,431,432,442,451,461,482,488,490,491,
3,28,34,38,39,43,53,55,63,67,71,72,73,78,80,107,112,123,128,135,142,150,173,174,176,179,182,191,205,221,231,273,274,281,299,306,336,371,395,398,400,403,405,409,414,415,420,442,454,477,495,
25,38,67,69,90,92,106,111,112,119,123,124,127,142,152,160,163,188,222,234,247,259,263,266,302,359,377,404,423,435,436,443,461,469,471,472,481,484,491,497,
9,19,55,61,66,80,96,99,100,144,147,168,171,192,202,204,215,274,284,338,371,382,389,399,410,412,425,453,455,459,470,472,480,486,488,499,
25,34,38,62,69,83,87,93,104,106,111,129,146,147,171,176,185,201,214,216,221,238,246,260,300,319,324,336,338,339,352,353,374,388,399,414,432,451,471,472,477,485,486,
3,11,14,43,60,63,66,86,98,106,107,117,132,137,142,146,147,154,159,164,168,174,180,188,209,212,238,246,247,248,254,266,274,289,290,297,298,300,311,320,329,353,354,368,416,420,446,456,472,481,490,492,
11,14,35,36,39,63,74,87,95,98,101,108,112,123,124,132,140,148,176,178,209,213,234,238,247,257,283,284,290,360,387,405,437,443,455,472,480,490,495,
21,28,29,33,36,47,62,63,71,81,85,96,104,118,127,132,135,141,150,155,188,192,221,240,289,303,306,319,325,339,359,374,379,395,416,425,430,439,445,446,454,456,487,
3,14,16,17,18,28,48,55,68,104,119,123,140,146,168,169,210,221,222,224,238,247,259,277,289,322,334,344,347,372,374,399,402,404,409,441,446,472,491,
8,17,18,24,28,33,63,78,96,102,107,108,109,116,117,119,132,139,145,146,160,169,170,179,182,188,191,210,214,238,280,319,336,344,350,359,360,374,377,402,414,416,418,419,432,442,455,459,471,483,484,487,497,
33,36,38,49,53,55,61,63,86,87,101,118,120,137,138,144,168,170,192,193,219,247,289,311,321,325,329,344,353,360,374,377,387,402,405,439,444,463,471,473,
4,8,20,29,36,63,67,68,71,72,104,123,132,150,157,161,168,170,201,208,212,224,226,241,246,247,258,274,289,295,303,306,307,337,374,377,382,383,397,413,416,423,428,443,444,446,471,477,484,488,493,
3,21,42,61,63,68,79,85,103,119,122,127,138,139,147,160,170,175,185,192,197,217,238,241,266,291,311,336,403,410,415,430,437,439,444,480,490,496,
8,9,11,29,33,74,76,80,94,108,117,118,137,148,167,179,188,189,217,222,224,230,231,238,261,284,289,293,307,312,318,360,367,371,374,383,387,395,399,404,459,472,477,481,487,492,
3,8,14,28,36,38,47,61,63,67,70,81,85,87,100,106,111,114,115,132,138,154,171,172,190,200,222,261,268,294,318,338,344,346,360,371,377,402,405,420,432,456,471,486,491,
14,25,29,33,36,38,40,48,87,118,127,147,148,183,188,198,216,221,231,233,281,286,302,307,309,319,322,326,328,331,335,348,354,375,413,424,431,432,444,451,455,
9,26,61,72,80,85,98,109,111,117,119,124,130,136,150,168,209,213,222,236,238,246,259,260,261,293,319,321,346,371,405,412,420,432,443,445,447,461,473,486,
8,9,22,36,39,61,81,85,86,87,96,100,116,147,151,154,184,201,207,214,219,221,231,236,237,246,248,300,320,336,371,374,377,423,437,446,451,472,482,486,
11,13,17,21,26,28,38,43,48,69,73,81,95,106,108,117,127,130,140,145,148,150,166,202,238,247,248,277,281,283,300,322,327,336,413,418,420,437,442,456,463,488,495,
8,35,43,48,49,52,87,90,97,112,116,118,121,126,128,132,135,147,172,190,192,222,240,248,257,278,281,286,287,306,364,367,368,372,377,444,456,471,480,
25,27,29,36,40,53,63,87,101,112,179,188,192,214,234,247,248,252,281,300,326,338,359,368,381,404,422,429,448,477,483,484,490,
21,23,30,63,67,69,81,87,96,123,132,150,202,211,226,231,233,246,281,302,325,328,339,344,347,353,368,379,412,416,420,423,456,492,
27,33,36,43,63,67,68,70,85,95,100,107,109,112,118,121,123,124,138,198,200,201,227,231,245,281,318,328,338,359,378,395,400,416,420,436,442,443,469,488,491,
9,25,42,43,69,78,79,81,100,133,142,148,192,208,213,214,221,234,311,318,344,346,353,359,360,371,374,375,400,402,403,419,422,424,425,432,484,
11,21,23,38,40,63,80,85,92,112,117,125,130,137,144,172,201,202,204,209,212,217,221,222,247,266,277,293,299,306,344,347,367,371,374,375,392,400,402,412,418,448,462,467,480,481,483,493,
10,12,29,33,48,73,87,93,107,109,116,126,149,150,190,198,201,237,259,281,302,319,337,344,348,364,386,392,402,404,438,439,450,456,484,491,
11,16,26,27,28,31,36,52,76,92,94,106,127,136,140,148,150,154,158,203,259,272,277,331,350,362,368,410,418,422,446,455,463,472,
17,39,60,63,67,69,72,73,90,100,107,116,124,132,133,139,140,146,149,158,190,191,193,213,221,226,235,255,289,306,318,322,329,330,340,359,360,371,375,395,401,425,442,444,453,471,
8,31,39,62,63,72,78,87,95,101,117,123,132,142,155,156,168,222,235,246,281,293,300,326,356,363,371,413,414,424,428,430,444,456,472,477,481,
23,25,67,69,87,100,106,117,124,127,132,144,146,159,160,212,221,231,234,246,277,286,299,307,334,336,353,387,388,399,402,414,417,419,444,456,477,478,488,
6,23,35,46,69,72,102,116,123,142,159,160,169,178,179,188,204,245,252,259,281,283,284,289,293,306,318,328,360,371,402,405,409,414,416,428,430,438,446,477,487,
14,21,26,29,35,47,48,55,61,63,68,69,72,137,149,150,159,160,182,190,199,217,263,274,277,285,293,337,357,374,375,379,399,402,406,414,420,441,447,456,463,464,487,493,
9,10,28,29,34,38,48,51,77,87,95,102,109,116,132,144,171,178,191,192,204,209,222,224,235,266,281,283,289,295,337,339,368,371,400,404,405,432,456,471,493,495,
8,25,30,38,61,87,89,102,106,116,117,119,132,137,146,154,168,169,171,186,192,201,210,222,259,267,316,319,325,329,339,371,373,377,385,402,409,420,459,465,471,484,497,
3,4,17,29,44,62,63,66,69,78,81,85,100,104,106,113,145,155,170,173,178,183,185,188,192,205,213,219,221,246,247,250,259,261,267,300,303,306,326,336,367,377,382,417,429,430,442,471,480,482,483,486,488,497,
3,8,21,22,36,38,47,73,101,109,117,123,125,150,163,171,179,201,208,209,219,221,248,255,284,289,293,318,325,327,336,337,354,360,371,398,399,412,430,439,446,456,480,481,491,
40,55,66,87,109,124,128,132,148,158,169,186,188,190,204,213,221,222,231,273,293,316,318,376,377,382,399,405,412,422,432,439,444,451,456,461,
3,28,67,81,102,106,120,132,137,139,163,169,176,197,219,222,259,318,325,330,354,363,366,368,385,387,409,412,416,419,420,423,439,443,445,456,487,
7,8,9,10,13,26,49,69,76,117,127,148,150,156,163,170,179,185,192,216,229,238,248,260,261,281,288,293,306,316,318,341,351,374,377,432,442,443,473,491,
11,18,27,63,78,80,85,122,139,140,147,148,154,155,168,170,209,219,221,234,243,246,274,286,287,291,307,316,318,326,331,346,399,414,415,423,439,479,480,487,488,490,
3,20,31,34,42,48,66,87,96,97,108,124,133,136,138,146,152,160,197,201,215,222,272,291,300,305,328,347,359,360,368,371,378,379,385,403,405,417,418,445,446,453,463,471,480,492,493,495,497,
8,9,17,26,39,66,69,72,116,123,139,163,170,186,192,201,202,209,212,214,242,246,263,319,348,377,395,412,414,416,420,426,439,443,459,463,482,492,
8,21,29,38,80,83,132,144,182,222,261,274,277,371,374,402,432,437,439,442,446,459,461,479,480,483,492,
1,8,21,28,29,42,48,49,69,73,87,89,95,100,111,116,117,127,132,144,150,166,170,178,179,191,204,208,214,221,222,273,274,293,368,385,400,402,420,432,455,459,485,
33,43,45,55,63,107,124,167,169,182,209,214,215,220,221,227,230,240,246,247,259,339,353,395,418,428,431,440,471,478,488,490,493,
14,28,29,50,62,67,89,107,108,116,127,139,145,168,171,179,190,219,222,247,248,260,281,320,328,371,375,397,416,439,441,445,462,474,477,480,
3,9,24,38,47,51,52,67,87,101,117,124,127,132,136,137,170,178,191,233,267,277,287,293,328,330,336,340,344,350,353,368,371,400,405,410,420,425,432,438,439,463,490,497,
27,38,39,60,63,72,76,87,98,101,106,107,117,118,127,146,148,151,169,178,184,191,208,222,227,238,247,258,259,322,328,362,385,388,399,402,437,444,445,446,472,478,481,495,
11,51,69,78,116,127,133,137,138,148,188,192,201,212,216,221,259,283,285,300,306,316,321,337,353,360,388,402,418,420,423,436,446,473,484,490,
11,22,62,73,106,116,139,147,148,150,179,183,221,243,246,248,283,291,299,306,338,339,360,371,399,404,412,419,425,444,471,
4,8,17,43,51,67,81,85,99,101,104,106,108,116,132,135,155,170,188,202,221,232,233,238,247,277,287,289,316,318,416,439,443,471,473,497,
3,10,21,36,38,40,85,87,112,124,125,127,138,148,154,169,170,209,221,228,231,238,242,255,267,293,326,334,354,359,360,371,383,387,416,419,420,438,444,446,449,457,482,
29,48,53,61,63,69,73,83,85,89,95,107,119,124,127,128,131,132,142,152,154,155,170,178,185,189,193,199,218,246,283,289,309,311,318,319,326,331,382,390,402,403,409,432,456,472,477,480,490,493,495,
3,11,18,38,39,61,75,90,117,118,124,127,154,187,214,217,222,229,266,300,325,330,358,364,402,417,418,437,442,446,449,459,469,
3,6,38,85,100,101,117,121,125,127,129,132,137,139,140,147,169,222,227,248,293,318,319,325,328,335,339,360,364,372,389,396,402,403,405,415,422,429,436,471,477,
13,17,63,81,87,102,106,123,127,169,191,192,221,240,255,285,292,298,354,359,372,374,385,396,401,412,418,424,431,432,439,440,444,446,456,459,460,478,493,
3,11,14,38,43,47,61,63,69,73,77,95,101,117,119,123,131,142,148,150,154,163,168,191,198,203,209,222,238,274,287,316,318,319,336,341,353,387,400,402,403,405,418,435,444,478,487,
3,29,36,85,90,94,95,100,101,150,163,188,190,193,203,209,221,241,258,259,274,289,300,316,318,331,357,377,389,412,416,419,437,439,443,444,455,473,491,
11,16,23,35,40,43,72,89,100,108,132,163,176,190,192,214,222,240,263,281,283,289,306,331,336,357,368,404,437,442,478,487,
49,51,63,68,81,83,85,118,123,138,148,171,217,221,222,233,238,248,293,316,357,360,375,405,437,441,445,446,472,487,492,
6,28,29,63,66,85,90,106,108,119,123,135,138,140,142,145,179,221,231,246,251,274,282,295,321,333,340,371,374,375,400,423,438,439,443,444,477,481,
9,10,11,27,36,38,45,53,61,67,69,87,146,179,185,198,208,217,222,227,231,234,237,259,274,292,294,298,300,325,368,377,409,429,432,436,455,471,478,486,
9,12,23,26,28,36,57,63,69,80,89,91,100,118,132,133,137,142,148,150,155,163,188,190,238,247,297,306,323,335,349,368,377,389,400,402,404,420,426,439,443,444,454,456,477,486,487,493,
16,17,28,48,60,155,176,182,215,222,224,229,276,277,281,283,299,300,307,346,350,353,357,358,385,386,387,399,400,404,423,430,432,442,444,449,463,466,472,482,
8,9,29,39,42,57,71,80,109,127,142,148,163,206,217,231,238,247,261,283,306,318,328,359,368,371,374,388,395,443,448,459,469,
4,8,11,28,29,35,63,76,112,121,147,148,155,158,168,182,209,221,243,299,336,371,377,395,402,405,418,425,473,484,490,
11,18,34,38,42,51,52,53,63,76,78,80,83,95,109,118,143,169,176,181,212,213,229,246,255,259,281,283,300,309,318,319,325,338,344,395,399,412,418,420,422,428,430,437,
3,28,36,69,74,79,85,138,175,192,215,217,221,222,228,240,243,267,277,281,291,293,316,339,347,363,380,383,409,412,419,421,437,439,443,444,446,456,472,484,
33,36,61,87,89,100,106,123,135,169,215,224,240,325,331,335,340,347,402,405,412,444,464,
3,7,38,62,69,78,87,89,112,118,125,127,150,160,201,210,233,264,270,272,274,289,324,327,330,338,341,377,378,395,404,417,431,439,446,484,485,
23,42,57,60,87,102,117,124,125,142,160,192,202,252,254,266,291,330,337,338,347,387,404,415,477,480,
7,9,11,28,34,40,42,52,61,70,81,102,135,147,152,173,185,203,209,213,215,221,229,231,238,247,259,283,322,325,344,350,353,354,360,374,399,403,438,442,445,446,453,461,484,
27,47,69,70,76,81,85,87,92,96,106,129,132,139,142,147,148,188,207,219,232,238,246,247,248,263,274,281,325,444,446,459,463,473,477,
0,63,69,83,87,96,107,111,123,125,132,234,246,248,258,274,281,293,300,323,325,335,360,368,371,374,404,420,425,442,460,464,486,
0,7,11,14,21,38,40,45,69,80,86,96,100,107,123,147,152,163,170,192,200,231,234,247,266,272,318,325,326,359,368,376,377,387,402,403,438,442,460,472,480,486,495,
8,36,40,47,50,69,87,106,108,123,124,140,145,160,170,185,192,201,209,215,219,224,255,260,267,268,278,281,318,324,331,337,339,402,403,405,411,423,432,456,457,470,484,486,
7,17,40,43,48,53,59,86,100,107,124,127,138,160,170,188,209,246,247,252,273,281,330,337,368,397,402,403,405,439,444,473,
0,4,11,17,21,26,51,60,63,71,103,105,107,116,127,160,168,169,178,180,191,204,221,222,233,242,261,287,297,300,302,306,316,318,319,322,325,337,338,348,368,372,377,389,400,404,412,415,425,429,432,439,447,456,474,
11,17,21,32,38,43,67,69,80,104,132,142,145,147,155,159,176,178,183,188,203,209,214,227,247,263,267,274,319,336,368,381,404,440,445,446,456,459,477,481,484,487,493,
7,8,23,38,49,51,74,78,95,100,117,119,127,138,147,154,176,181,185,217,219,229,259,261,300,316,325,326,328,336,344,357,377,380,388,402,436,439,442,446,447,449,
17,18,25,38,40,81,86,115,127,146,150,151,159,161,163,202,216,221,248,263,300,313,335,336,337,353,356,366,395,405,420,421,444,471,477,491,
18,26,33,36,55,70,72,74,83,86,90,101,127,135,137,155,159,160,163,187,203,221,238,242,249,252,259,261,266,281,307,316,318,325,332,357,360,371,377,388,402,417,421,436,439,442,449,486,
6,8,29,33,44,49,55,61,69,70,73,83,89,101,116,124,127,132,167,170,191,204,222,231,238,261,277,299,318,323,325,333,374,376,377,402,403,432,435,442,461,472,
8,11,18,38,63,75,78,85,96,106,127,132,168,170,181,191,192,193,209,210,212,214,219,222,238,246,259,274,318,360,399,412,414,420,437,443,444,455,467,472,
0,3,25,33,65,74,87,115,123,126,127,141,150,155,163,168,188,192,233,247,274,283,291,298,313,325,359,392,402,414,425,432,444,472,486,495,497,
3,8,10,11,23,63,72,73,77,87,109,135,142,144,163,169,178,189,214,221,222,241,247,265,289,290,318,340,368,395,409,412,425,432,442,455,459,471,472,486,497,
