0,4,5,6,8,9,11,14,17,18,34,35,36,38,39,40,41,42,43,45,47,49,50,51,52,53,55,59,61,62,63,67,69,71,73,74,78,80,81,83,85,87,93,94,97,
0,4,5,7,8,10,11,12,13,14,17,18,20,21,23,25,26,29,36,38,40,42,43,45,48,50,57,60,62,63,69,71,72,73,80,83,84,85,86,91,92,93,95,96,
0,3,5,6,7,11,12,13,14,17,18,19,21,23,25,32,33,38,39,40,43,47,52,57,60,61,62,63,67,68,69,70,71,74,75,79,80,81,83,87,89,
0,3,4,7,9,12,15,17,21,26,28,29,31,33,36,38,40,43,45,47,48,61,62,63,65,69,71,72,73,74,78,81,83,85,86,87,89,93,95,96,97,
1,3,5,6,8,11,14,17,20,21,26,28,29,31,33,35,36,38,39,40,41,42,43,48,51,52,57,59,61,62,63,66,69,70,77,80,81,82,83,85,86,89,90,95,
5,7,14,21,26,28,31,33,35,36,43,45,50,61,62,63,69,77,80,81,83,86,87,88,91,96,
3,8,11,12,13,17,20,21,23,25,28,29,31,33,35,36,38,40,43,47,48,50,51,59,62,63,66,67,70,71,72,73,74,81,83,85,87,89,92,93,95,97,
13,21,23,29,36,42,43,45,46,51,57,63,68,69,70,72,74,77,81,83,85,89,95,97,
3,7,8,12,13,17,21,25,27,28,34,35,36,38,39,40,43,45,47,48,49,51,52,57,63,66,67,68,69,71,72,74,78,80,81,82,83,84,85,86,87,89,91,93,95,
3,8,10,12,13,14,17,26,28,35,36,38,41,48,51,57,61,62,63,69,73,76,81,85,86,87,89,90,97,
0,3,8,9,11,12,17,24,28,34,36,38,40,42,47,48,49,55,60,61,63,68,69,71,72,74,78,80,85,87,88,89,90,91,92,93,95,
0,4,5,7,8,9,10,11,13,14,17,23,25,26,27,28,29,33,34,36,38,40,46,47,48,55,63,67,68,69,71,72,73,75,76,78,79,80,81,83,85,87,89,92,93,95,97,98,
0,7,9,11,14,16,17,22,25,27,28,29,36,38,39,43,48,53,57,60,61,63,68,69,76,80,81,83,84,86,87,89,92,93,
3,5,11,12,14,17,23,25,31,36,38,39,40,41,42,43,46,47,48,51,52,53,57,61,68,71,72,73,74,76,78,80,81,83,85,87,88,89,90,91,93,95,99,
7,8,9,11,12,14,18,19,20,22,23,25,27,33,35,36,38,39,40,42,43,48,50,51,52,55,63,66,67,68,69,71,72,74,78,81,83,85,87,90,91,92,93,94,95,97,
3,4,8,9,10,11,12,13,14,17,20,21,23,24,25,26,28,29,33,34,35,36,38,39,40,43,46,47,48,49,51,53,61,62,63,69,73,74,80,81,85,86,87,90,93,96,98,
0,4,5,6,7,8,11,12,19,25,28,29,33,35,38,39,45,46,47,48,57,61,62,63,66,69,72,73,75,78,80,83,85,86,87,90,95,97,
3,5,8,11,14,17,23,25,26,28,29,33,35,36,38,39,43,52,59,63,67,68,69,72,73,78,80,81,83,85,87,95,99,
3,6,7,8,9,11,12,13,17,19,21,24,28,29,34,35,36,38,40,43,45,48,51,61,63,66,67,69,72,73,78,81,85,86,87,88,89,90,93,94,
0,5,6,8,9,12,13,14,17,19,25,28,29,31,35,36,38,39,40,41,42,43,47,48,49,51,52,53,55,59,61,62,63,68,72,73,76,80,81,82,83,84,85,86,87,93,95,96,97,98,
3,8,17,23,25,26,28,35,36,38,39,43,47,48,52,61,62,63,69,70,71,72,73,74,75,77,80,87,90,93,95,97,
0,3,4,7,8,9,10,12,13,14,16,17,19,21,24,26,27,28,33,36,38,39,40,47,52,54,62,63,66,68,69,71,73,78,83,85,90,95,97,
3,4,7,8,9,12,17,19,21,23,26,28,29,31,34,36,38,39,40,42,43,46,47,48,52,60,61,62,63,66,67,69,71,72,73,81,85,86,87,88,95,
3,4,6,7,8,9,10,11,12,15,17,18,19,20,23,25,28,33,35,36,38,39,41,42,43,45,46,48,49,51,52,60,61,63,65,67,68,71,72,73,74,83,85,86,87,89,90,92,93,94,97,
3,5,8,10,11,13,14,21,22,28,29,31,33,34,36,38,40,43,47,49,50,51,59,60,61,63,68,70,71,72,73,80,81,87,89,90,93,95,
5,6,7,8,9,10,11,12,14,15,16,18,19,21,23,24,26,27,28,29,33,34,35,36,38,39,41,43,48,49,50,51,60,61,63,66,67,68,69,71,73,74,78,81,83,84,85,86,87,93,95,97,
3,7,8,10,13,14,17,21,23,26,27,28,29,34,35,36,40,41,42,43,45,46,48,60,63,69,71,72,78,79,81,83,85,89,94,97,
0,3,4,5,6,8,9,11,13,17,19,22,23,27,28,29,33,35,36,38,39,40,41,42,43,46,47,48,49,51,53,57,62,63,67,69,71,72,74,78,81,83,86,87,88,89,93,97,
3,5,7,8,11,13,17,21,22,25,26,28,29,31,34,35,36,38,40,41,43,47,48,51,52,55,59,60,63,67,68,69,70,71,73,74,78,80,83,86,87,89,94,97,
5,9,11,12,14,15,17,21,23,28,29,36,38,40,46,47,49,51,52,61,63,65,66,67,69,71,72,74,75,85,86,87,89,90,
3,8,9,13,14,16,17,20,21,24,28,29,31,33,34,36,38,43,46,47,48,50,57,60,62,63,67,69,70,71,74,78,81,83,85,87,93,95,
3,6,7,8,10,14,15,17,25,28,29,36,38,39,49,50,51,52,60,61,62,63,68,69,70,71,73,74,77,78,80,81,85,86,87,89,92,93,95,
3,4,6,7,8,11,13,14,15,17,21,24,29,35,36,38,39,40,43,48,53,55,57,60,61,62,67,68,69,72,73,76,78,80,81,83,85,86,87,89,95,97,
3,6,7,8,9,11,17,23,24,25,26,28,34,36,38,39,40,42,43,47,52,54,61,66,67,69,71,72,73,78,80,83,89,94,97,98,
0,7,8,11,12,14,17,18,21,25,28,35,36,38,39,40,45,49,51,52,53,63,68,71,72,78,83,85,87,89,90,93,94,
0,6,8,10,12,14,17,21,23,25,26,28,29,34,36,38,39,41,42,45,47,49,50,52,62,63,66,68,69,73,76,78,81,87,93,97,99,
3,6,8,9,11,24,26,29,33,38,39,42,43,44,47,48,51,54,57,61,62,63,66,67,68,69,72,73,76,77,85,86,87,88,93,
0,7,9,14,17,21,23,28,33,34,35,36,38,39,40,42,47,48,52,55,61,63,66,67,69,70,71,73,80,81,83,84,86,87,93,95,
3,4,5,7,14,17,18,19,22,24,25,26,28,29,32,35,36,38,39,40,43,45,46,48,49,50,51,52,60,61,62,63,67,69,72,73,77,80,81,86,87,91,95,97,
3,7,8,9,17,23,34,36,38,40,45,47,50,57,61,63,67,69,71,80,83,85,87,93,95,96,97,99,
3,8,9,11,14,20,23,26,28,29,35,36,38,40,41,42,43,48,55,62,63,67,69,70,71,73,74,81,83,85,87,89,90,97,98,
3,5,6,7,8,9,11,14,15,17,18,23,28,29,34,35,36,38,39,40,42,43,46,47,49,51,52,53,55,59,63,71,72,73,78,83,85,86,87,88,93,97,
3,6,7,8,9,10,13,14,21,24,26,27,28,33,34,36,38,39,40,42,43,45,47,48,50,51,52,55,62,69,71,75,78,80,83,85,87,94,
4,7,8,9,11,12,14,21,26,28,33,35,36,38,40,44,47,51,52,60,63,66,67,69,71,72,74,76,78,80,81,83,86,87,88,89,92,93,97,99,
0,3,6,8,9,11,14,17,21,23,24,25,28,29,32,33,34,35,36,38,47,48,51,52,53,57,61,62,67,69,71,78,80,83,85,86,87,88,90,93,96,98,
3,7,11,12,15,17,21,28,31,34,35,36,38,39,40,41,42,43,45,47,51,52,61,63,66,68,69,70,73,74,76,78,83,85,87,92,93,94,96,
0,3,5,6,8,11,14,17,18,19,23,24,25,26,28,34,36,38,39,46,47,48,49,50,51,61,62,63,67,68,69,70,71,76,80,81,83,85,86,87,89,90,91,99,
0,3,6,8,9,10,11,14,17,18,19,21,23,25,28,29,31,33,35,36,38,39,40,41,42,46,48,49,51,57,61,62,63,66,67,69,71,73,80,81,83,87,93,
0,3,5,8,9,11,12,14,17,18,22,26,28,29,31,32,33,35,36,38,39,40,43,44,47,48,50,53,61,63,66,67,69,70,72,73,74,78,80,83,86,87,89,90,93,96,98,99,
0,4,9,13,18,19,20,24,25,28,29,31,35,38,39,47,51,61,62,63,66,67,69,70,72,73,74,75,78,80,81,83,85,86,87,88,89,92,93,
0,3,4,5,9,11,12,14,15,17,23,28,29,33,35,36,38,40,41,45,48,51,61,63,67,68,74,78,79,83,85,87,89,97,
0,8,10,18,21,23,24,28,36,38,40,41,42,47,48,52,53,55,61,63,67,68,69,73,74,78,80,81,83,86,87,93,95,97,
3,4,6,8,9,10,11,17,21,23,26,29,34,36,38,39,40,43,44,47,48,49,52,53,60,61,62,63,67,68,69,71,80,86,87,90,91,93,95,
3,7,8,11,13,14,17,18,19,22,25,26,28,29,34,35,36,38,43,46,47,48,50,51,55,57,61,62,63,67,69,71,72,73,78,85,86,87,91,92,93,95,97,
3,7,8,9,10,11,12,13,14,15,17,21,22,34,35,36,38,39,40,42,43,47,48,51,52,55,62,63,66,67,69,71,72,73,78,80,83,85,86,87,89,93,95,97,
3,4,5,7,8,9,11,15,17,23,28,31,35,36,38,39,43,45,47,48,57,60,61,63,67,69,71,73,74,77,78,80,85,87,89,91,93,
8,11,13,17,26,36,38,39,42,44,48,49,51,52,61,63,67,68,69,72,74,76,78,83,85,87,89,92,95,96,
0,3,5,8,9,11,14,17,18,19,26,27,28,36,38,39,42,43,46,47,49,50,51,52,60,61,62,63,66,68,71,72,74,75,77,80,81,83,85,86,93,
0,7,8,12,14,17,19,21,23,33,35,36,38,40,43,47,48,49,54,57,62,63,66,69,70,73,80,81,83,85,86,87,90,94,
0,3,8,9,12,15,21,24,25,27,28,29,31,34,38,40,41,43,47,48,55,57,61,67,69,74,78,80,81,86,87,89,93,94,
3,6,7,8,9,11,12,16,17,20,24,28,29,34,36,38,39,41,43,45,48,51,52,53,61,62,66,67,68,69,70,72,73,76,79,80,81,85,86,87,89,93,94,
7,8,10,15,16,18,19,21,22,23,25,29,33,34,35,36,42,44,45,48,50,51,53,55,60,61,63,66,67,71,72,80,87,88,89,90,91,93,
0,4,8,13,15,18,21,23,26,27,29,33,38,42,48,50,51,53,55,57,60,62,63,66,69,70,71,83,85,86,88,89,95,98,
3,5,9,10,11,17,20,23,29,35,36,38,40,42,48,52,54,59,66,68,69,71,72,73,78,85,86,89,90,93,95,
3,8,11,14,17,20,21,25,26,29,36,38,39,40,43,45,47,50,51,52,53,60,63,67,71,76,78,80,85,86,87,94,95,
0,3,5,6,8,9,10,11,13,21,23,26,30,31,35,38,39,40,42,43,46,47,50,51,52,55,59,60,62,63,66,68,71,72,73,74,78,80,81,87,92,
3,5,6,7,8,9,10,11,14,17,23,25,26,28,31,32,33,35,36,38,39,43,44,45,47,48,49,50,52,53,55,61,63,66,67,68,69,71,73,78,80,85,86,87,92,93,95,97,
3,7,9,11,17,19,25,28,31,35,36,38,39,41,43,52,63,68,69,70,73,74,83,85,86,87,90,92,
3,5,8,9,11,17,18,19,22,24,31,35,36,38,41,47,48,49,51,52,53,60,63,66,67,69,70,71,72,74,75,78,83,85,86,87,96,97,
3,7,8,11,12,14,16,17,18,19,21,24,29,32,34,38,40,47,48,51,52,57,62,63,66,67,69,71,72,77,78,83,85,86,88,90,
0,3,5,7,10,11,12,17,19,23,25,28,29,31,33,35,36,38,39,40,43,45,47,48,50,52,57,61,62,63,69,74,76,77,80,81,83,85,86,87,89,90,98,99,
0,3,5,6,13,14,17,20,21,35,36,38,39,40,43,46,47,49,50,51,53,61,62,63,66,67,69,71,74,78,81,85,86,87,89,91,95,99,
0,3,4,7,11,17,18,21,26,28,29,35,36,38,39,45,48,51,55,57,60,61,63,67,70,81,86,90,92,
3,5,9,10,11,12,14,17,21,22,23,28,33,36,38,39,40,43,48,61,63,67,73,76,80,86,87,89,91,
0,3,4,6,7,8,11,14,17,18,23,29,31,32,35,38,40,41,43,47,48,50,52,57,62,63,68,69,72,73,74,78,80,87,88,96,
3,7,8,9,13,14,15,17,23,24,28,29,33,34,35,36,37,38,39,43,45,47,48,50,51,59,62,63,67,68,69,70,72,74,78,79,81,84,85,87,89,90,93,95,
5,7,14,15,17,18,19,23,24,25,29,31,33,34,35,36,38,40,41,46,47,48,49,50,51,53,55,57,61,62,66,67,69,70,72,75,76,83,85,87,88,89,93,95,96,
0,3,7,8,11,12,13,14,17,26,29,33,35,36,38,39,42,47,48,49,51,53,60,61,63,66,67,69,71,72,74,78,81,83,85,86,87,90,91,92,97,
3,4,7,8,9,12,14,15,25,28,29,36,38,40,43,47,48,51,60,62,63,66,67,69,70,71,74,76,78,80,83,85,87,91,93,
0,3,10,17,21,23,26,29,33,35,36,38,40,43,54,60,61,63,67,68,69,71,80,81,87,89,91,92,94,
0,3,5,6,8,9,10,15,17,21,25,26,28,29,33,34,35,36,38,39,40,42,43,49,59,61,62,63,69,71,72,74,75,78,79,81,85,87,92,95,96,99,
3,4,8,10,17,20,21,25,26,29,33,35,36,38,39,40,42,48,50,52,60,61,62,63,66,69,70,71,74,80,81,83,85,87,95,
7,9,10,14,17,18,25,28,29,40,41,42,47,50,52,57,59,74,81,85,86,87,97,
8,10,11,14,16,18,20,23,25,26,28,29,34,36,38,43,47,48,51,60,61,62,63,68,69,71,73,74,80,81,86,87,89,93,98,
3,4,5,9,14,36,38,39,40,43,45,47,49,52,55,57,61,62,63,67,69,78,85,87,93,94,97,
0,3,5,6,8,9,11,23,25,27,29,34,36,38,39,41,42,43,46,48,49,51,52,53,55,57,59,60,61,62,63,68,69,72,73,76,78,80,81,83,86,87,90,93,95,
3,7,8,13,15,17,28,29,35,36,38,45,50,51,53,62,63,66,69,71,73,78,81,83,85,87,90,93,95,
3,4,8,11,15,17,21,22,23,28,29,33,34,36,38,40,45,46,47,48,62,63,68,69,76,85,88,89,93,94,95,98,99,
0,3,5,6,8,9,10,11,13,14,16,17,18,19,21,27,28,33,34,36,38,43,48,51,52,60,63,67,69,71,73,74,80,81,83,84,85,86,87,89,95,97,99,
0,3,6,9,11,14,17,18,23,25,29,30,33,35,42,43,46,47,48,51,52,55,62,63,66,67,68,69,71,73,75,76,77,81,83,85,87,89,93,
7,8,9,13,17,23,24,25,28,29,33,36,38,40,42,43,45,47,48,51,63,67,69,71,73,74,76,80,81,83,85,86,87,97,
2,3,5,6,7,8,9,11,12,13,17,19,21,23,24,25,27,28,33,35,36,38,39,40,41,42,43,45,49,52,55,57,59,61,62,63,68,69,71,72,73,74,80,81,83,85,86,87,92,95,97,98,99,
0,3,8,9,11,14,17,18,22,26,27,28,29,36,38,39,42,47,48,51,52,59,62,63,69,70,71,72,75,76,80,81,83,85,86,87,89,93,94,95,99,
5,6,7,9,11,14,18,23,35,38,40,41,43,45,46,48,51,54,55,57,60,61,62,63,66,67,68,69,72,73,75,79,80,83,85,87,90,95,
4,8,9,10,11,14,23,24,25,26,27,28,36,38,47,48,52,60,62,63,66,69,71,73,74,79,85,87,90,93,98,
3,4,5,7,8,9,10,11,12,14,15,17,23,25,28,29,35,36,38,39,41,42,43,44,45,48,51,53,57,60,62,63,67,69,71,72,76,80,81,83,84,85,87,88,89,93,95,97,
1,3,5,7,8,10,14,16,17,18,21,24,29,35,36,38,39,40,43,44,47,48,51,52,55,60,62,63,67,69,70,73,76,80,83,86,87,89,90,93,94,95,97,98,
0,5,6,8,10,11,14,17,18,19,21,24,25,33,35,36,38,40,42,43,47,48,62,63,66,67,69,70,71,73,74,78,80,81,85,87,94,95,96,97,
0,9,11,14,16,17,18,21,29,34,35,36,38,42,43,48,49,51,52,61,62,66,70,71,72,73,78,81,85,92,
4,6,7,8,9,11,12,13,14,21,22,23,24,28,31,34,36,38,40,44,46,48,49,50,51,53,61,62,63,66,67,69,71,72,73,81,85,86,87,90,97,
